230
0
0
2
10
101001
142
994
902401
104
1144
102402
95
665
602501
222
1110
103001
230
0
0
2
10
101001
44
220
202001
135
4455
402502
8
16
101601
102
1122
102202
230
0
0
2
10
101001
127
889
802901
113
226
202601
163
44499
403902
93
558
502801
230
0
0
2
10
101001
93
558
502801
89
445
402501
15
30
301001
37
74
701401
230
0
0
2
10
101001
239
22227
204701
216
3888
301803
128
5888
501803
127
889
802901
230
0
0
2
10
101001
108
1188
102802
38
76
701601
228
78888
701804
27
54
501401
230
0
0
2
10
101001
180
900
901002
183
366
301602
217
55552
504201
122
244
201402
