230
0
0
2
10
101001
22
110
102001
32
64
601401
5
10
101001
183
366
301602
230
0
0
2
10
101001
48
96
901601
30
60
601001
75
225
202501
169
338
302801
230
0
0
2
10
101001
142
994
902401
104
1144
102402
95
665
602501
222
1110
103001
230
0
0
2
10
101001
44
220
202001
135
4455
402502
8
16
101601
102
1122
102202
230
0
0
2
10
101001
127
889
802901
113
226
202601
163
44499
403902
93
558
502801
230
0
0
2
10
101001
93
558
502801
89
445
402501
15
30
301001
37
74
701401
230
0
0
2
10
101001
239
22227
204701
216
3888
301803
128
5888
501803
127
889
802901
230
0
0
2
10
101001
108
1188
102802
38
76
701601
228
78888
701804
27
54
501401
230
0
0
2
10
101001
180
900
901002
183
366
301602
217
55552
504201
122
244
201402
230
460
401601
2
10
101001
25
50
501001
61
122
101202
244
488
401802
185
370
301701
230
0
0
2
10
101001
146
322222
301205
238
1666
101603
150
300
301002
191
955
901502
230
0
0
2
10
101001
4
12
101201
178
88822
803202
93
558
502801
84
336
302601
230
0
0
2
10
101001
52
884
835168
128
5888
501806
221
442
402204
44
220
202004
230
0
0
2
10
101001
14
28
201801
222
1110
103001
231
1155
102502
42
84
801401
2
0
0
33
10
101001
50
322
301202
161
330
302001
167
100
101002
230
334
302401
230
0
0
227
10
101001
214
422222
401205
26
52
501201
21
9988
902802
2
42
401201
2
0
0
16
10
101001
114
32
202801
161
228
301201
230
322
301202
245
9555
901503
230
3444
301602
230
366
301403
183
288
201802
123
10
101001
96
0
0
2
0
0
2
10
101001
43
86
801601
84
336
302601
230
0
0
190
0
0
144
288
201802
230
0
0
114
228
202801
201
2211
202102
210
7770
703001
128
5888
501803
2
10
101001
2
0
0
78
10
101001
79
553
102202
102
955
301603
191
1122
502301
230
3666
901502
230
9988
902802
227
1122
402601
223
477
401702
159
446
102202
102
10
101001
2
0
0
230
990
902001
138
552
901401
112
224
502201
99
94
202401
47
10
101001
2
0
0
230
1110
802901
222
889
501802
196
588
301002
127
300
103001
60
10
101001
2
0
0
230
1188
102802
108
1177
102702
107
1177
102702
107
10
101001
2
10
101001
1
0
0
230
3444
601401
164
244
301403
122
64
301201
32
32
201402
16
10
101001
2
0
0
230
4422
702001
224
770
402801
211
448
402202
154
422
401202
134
10
101001
2
0
0
230
66669
604901
213
600
601002
120
544
501402
86
344
301402
68
10
101001
2
0
0
239
22227
802501
230
3666
301603
177
1133
204701
141
885
102302
103
10
101001
2
0
0
230
422222
601401
217
55552
601002
214
600
504201
120
64
401205
32
10
101001
2
0
0
230
3335
702001
154
770
501401
115
54
303501
27
18
101801
9
10
101001
2
0
0
230
54444
501404
185
1166
301402
172
1110
103001
156
344
102602
106
10
101001
2
0
0
242
9955
902502
230
3388
801201
181
110
302802
41
82
102001
11
10
101001
2
0
0
230
0
0
2
10
101001
16693953395791507850
927320387831703062
0
178856056155550090
17530403364086457878
0
13458798462244988438
13458798462244988438
0
18458134
18458134
0
15997585625557071226
8257723544017194968
0
124039762456180090
54416822761836504
0
6593951516758265816
6593951516758265816
0
11423704
11423704
0
230
0
0
0
0
15236
0
0
15258
0
0
15246
0
0
15253
230
0
0
223
446
402601
159
477
401702
227
9988
902802
127
889
802901
230
0
0
24
48
401801
166
332
302201
69
552
502201
127
889
802901
230
0
0
139
556
502601
5
10
101001
242
3388
302802
94
188
101802
230
0
0
87
522
501202
59
118
102801
27
54
501401
117
2223
203301
230
0
0
59
118
102801
15
30
301001
91
455
401502
73
511
501102
230
0
0
230
0
0
185
1110
103001
214
422222
401205
22
110
102001
240
6000
601003
230
0
0
206
11110
104001
101
3666
301603
78
110
102001
55
2266
202602
230
3366
302602
188
2444
302601
153
336
201403
84
12
101201
4
0
0
11
0
0
30
60
101602
83
110
102001
150
166
301002
230
300
601001
230
0
0
84
336
302601
219
75555
701504
141
3666
301603
230
0
0
63
441
402101
246
3444
301403
208
2288
202802
1
0
0
191
10
101001
230
1110
103001
239
22227
204701
14
0
0
53
288
201802
84
336
302601
97
28
201801
122
1111110
106001
130
477
401702
144
388
301802
169
244
201402
230
32
301201
240
6000
601003
16
0
0
95
996
902601
100
440
402001
116
665
602501
161
200
201002
166
332
302201
187
32
301201
195
9555
901503
230
7772
703201
249
322
301202
84
0
0
106
224
102602
112
300
202401
124
336
301002
149
388
301203
150
447
301802
174
466
302601
179
522
401602
230
744
402701
233
1166
501202
247
7888
901802
230
2288
502601
208
1110
401502
190
988
303501
185
556
301002
150
455
301001
139
300
202802
115
30
103001
91
0
0
15
0
0
236
7770
901402
210
3888
703001
186
1177
502801
162
944
502801
160
800
402502
135
558
402001
107
558
301803
93
440
301001
88
30
102702
15
0
0
15
30
301001
22
110
102001
230
0
0
104
1144
102402
236
944
901402
129
774
702401
141
3666
301603
246
3444
301403
165
330
302001
185
1110
103001
22
0
0
79
110
101603
95
330
102001
137
411
302001
151
553
401102
171
665
502301
197
755
602501
219
788
701502
230
855
701504
238
1666
701802
230
0
0
233
466
401602
138
552
502201
70
700
701002
34
68
601801
55
110
102001
195
9555
901503
105
1155
102502
239
22227
204701
236
944
901402
230
0
0
237
711
701102
104
1144
102402
231
1155
102502
192
333888
303803
19
38
301801
57
114
102401
206
2266
202602
56
112
102201
186
558
502801
230
0
0
47
94
901401
217
55552
504201
147
441
402101
187
1122
102202
126
882
802201
139
556
502601
107
1177
102702
139
556
502601
169
338
302801
230
0
0
106
1166
102602
97
388
301802
44
220
202001
164
3444
301403
1
10
101001
238
1666
101603
7
14
101401
223
446
402601
169
338
302801
230
0
0
82
3444
301403
47
94
901401
196
588
501802
60
300
301002
165
330
302001
76
228
202801
146
322222
301205
101
11110
104001
35
70
701001
230
0
0
56
112
102201
232
7888
701803
156
54444
501404
181
9955
902502
160
800
801002
181
9955
902502
87
522
501202
60
300
301002
235
7755
702502
230
0
0
123
3444
301403
86
344
301402
110
220
202001
137
411
401102
192
333888
303803
39
78
701801
13
26
201601
185
1110
103001
144
288
201802
230
0
0
149
447
402701
141
3666
301603
197
788
701802
7
14
101401
155
775
702501
235
7755
702502
79
553
502301
187
1122
102202
169
338
302801
230
0
0
216
3888
301803
246
3444
301403
151
755
701502
212
55544
503402
187
1122
102202
93
558
502801
23
46
401601
44
220
202001
60
300
301002
230
0
0
107
1177
102702
19
38
301801
79
553
502301
20
40
401001
238
1666
101603
204
2244
202402
184
552
502201
65
455
401502
161
322
301202
230
0
0
1
10
101001
76
228
202801
200
400
401002
103
1133
102302
207
2277
202702
13
26
201601
44
220
202001
23
46
401601
176
880
802001
230
0
0
24
48
401801
115
3335
303501
113
226
202601
180
900
901002
2
10
101001
244
488
401802
179
3222
301203
89
445
402501
36
72
701201
230
0
0
70
700
701002
204
2244
202402
125
500
501002
93
558
502801
115
3335
303501
155
775
702501
175
700
701002
27
54
501401
244
488
401802
230
0
0
196
588
501802
170
0
0
244
488
401802
25
50
501001
5
10
101001
112
224
202401
1
10
101001
218
11118
104801
118
944
901402
230
0
0
59
118
102801
113
226
202601
208
2288
202802
144
288
201802
150
300
301002
113
226
202601
173
55533
503302
13
26
201601
235
7755
702502
230
0
0
23
46
401601
40
80
801001
207
2277
202702
243
3888
301803
70
700
701002
13
26
201601
158
34444
301404
13
26
201601
94
188
101802
230
0
0
167
334
302401
79
553
502301
77
770
702001
76
228
202801
57
114
102401
71
355
301502
18
36
301601
203
2233
202302
109
1199
102902
230
0
0
151
755
701502
86
344
301402
184
552
502201
148
2220
203001
133
266
201602
204
2244
202402
122
244
201402
197
788
701802
86
344
301402
