230
0
0
2014
11111111118
110801
37
74
701401
209
2299
202902
230
0
0
2014
11111111118
110801
135
4455
402502
231
1155
102502
230
0
0
2014
11111111118
110801
195
9555
901503
21
42
401201
230
0
0
2014
11111111118
110801
241
85555
801504
155
775
702501
230
0
0
2014
11111111118
110801
64
448
402801
9
18
101801
230
0
0
2014
11111111118
110801
76
228
202801
164
3444
301403
230
0
0
2014
11111111118
110801
167
334
302401
207
2277
202702
230
0
0
2014
11111111118
110801
229
29999
201904
51
255
201502
230
0
0
2014
11111111118
110801
38
76
701601
164
3444
301403
2014
11111111118
110801
176
880
802001
231
1155
102502
139
556
502601
171
855
801502
233
466
401602
157
7222
701203
110
220
202001
131
655
601502
243
3888
301803
196
588
501802
33
330
302001
34
68
601801
75
225
202501
12
24
201401
2014
11111111118
110801
212
55544
503402
221
442
402201
133
266
201602
167
334
302401
200
400
401002
185
1110
103001
167
334
302401
190
0
0
166
332
302201
168
336
302601
14
28
201801
78
3666
301603
56
112
102201
2
10
101001
2014
11111111118
110801
204
2244
202402
200
400
401002
239
22227
204701
234
4446
403601
184
552
502201
241
85555
801504
185
1110
103001
105
1155
102502
204
2244
202402
63
441
402101
34
68
601801
31
62
601201
95
665
602501
6
12
101201
16
11111111118
110801
18
770
702001
40
1666
101603
46
92
901201
48
3888
301803
49
98
901801
64
32
301201
74
22227
204701
77
288
201802
119
833
801302
144
448
402801
238
80
801001
239
96
901601
243
36
301601
2014
1110
103001
8
11111111118
110801
20
884
802401
22
422222
401205
39
16
101601
49
388
301802
52
1188
102802
64
98
901801
84
244
201402
87
40
401001
108
78
701801
122
448
402801
140
336
302601
194
522
501202
214
110
102001
2014
700
701002
6
11111111118
110801
56
55552
504201
59
224
202401
83
1110
103001
105
7888
701803
112
1155
102502
140
8883
803301
152
700
701002
188
166
101602
189
3444
301403
217
118
102801
222
2444
201403
232
2888
201803
246
12
101201
2014
112
102201
10
11111111118
110801
13
288
201802
51
220
202001
72
1666
101603
82
3444
301403
96
144
101402
96
244
201402
107
26
201601
110
20
201001
122
288
201802
142
255
201502
195
9555
901503
223
446
402601
238
994
902401
2014
1177
102702
17
34
102802
54
200
102802
100
338
110801
108
441
201002
136
544
201403
147
944
201403
152
1188
201803
169
1188
202602
188
2266
301401
188
2444
302801
206
2444
402101
226
2888
501402
236
9555
901402
245
9944
901503
2014
11111111118
902402
2014
11111111118
801001
237
78888
701804
228
6665
701102
216
3888
603501
215
3666
602001
209
2299
502201
203
2233
301803
132
2223
301603
117
711
203301
114
660
202902
92
552
202801
85
255
202302
78
228
201502
40
80
110801
9
18
101801
2014
11111111118
110801
156
54444
501404
148
2220
203001
174
522
501202
158
34444
301404
219
75555
701504
134
4422
402202
39
78
701801
25
50
501001
58
116
102601
40
80
801001
13
26
201601
72
144
101402
50
100
101002
8
16
101601
28
56
101002
39
78
110801
43
86
202502
50
100
302201
65
332
401502
70
455
401702
95
477
402502
135
665
403902
142
700
501601
159
880
602501
163
994
701002
166
2255
701801
176
4455
801601
205
44499
802001
2014
11111111118
902401
0
0
0
8
16
101601
41
82
101603
68
544
103001
78
665
110801
95
775
301603
99
788
501402
155
788
602501
157
990
701203
185
995
701802
197
1110
701802
197
1666
702501
199
3666
801201
238
7222
902001
2014
11111111118
902501
36
72
102402
52
255
106001
85
388
110801
97
788
201502
99
855
301404
104
884
301802
153
900
302602
158
990
303803
171
996
701201
182
1144
701802
192
3366
801502
197
34444
802401
225
333888
901002
249
1111110
902001
2014
11111111118
902601
29
58
102601
37
74
103001
37
74
110801
58
116
201602
66
266
302001
88
330
401502
91
440
402001
92
448
402801
111
455
501202
133
522
501801
174
552
502201
181
1110
504201
217
9955
701401
224
55552
701401
2014
11111111118
902502
7
0
0
13
14
101401
29
26
110801
31
58
201601
41
62
202402
48
82
202802
79
96
501801
93
553
502301
93
558
502801
124
558
502801
170
744
601201
204
900
701402
208
2244
801201
225
2288
901002
2014
11111111118
901601
11
32
101603
16
50
102001
25
110
102201
52
112
110801
56
448
201803
64
700
301201
78
711
301603
78
775
301603
145
884
303501
152
1666
402801
155
2888
501001
175
3335
701002
237
3666
701102
238
3666
702501
2014
11111111118
802401
30
60
102302
45
90
103001
51
255
104001
73
300
104001
101
446
110801
103
511
201502
111
775
301002
118
944
402601
150
1110
403902
155
1133
501102
163
9555
601001
195
11110
702501
202
11110
901001
223
44499
901402
2014
11111111118
901503
28
56
102201
56
112
102402
89
332
102802
108
445
110801
143
711
202802
166
995
301203
178
1144
301803
179
1188
302201
192
2288
303803
199
3222
402501
208
3888
501601
216
7888
701102
232
88822
701803
237
333888
803202
2014
11111111118
902501
8
16
101002
11
28
101601
14
92
102001
22
100
102001
46
110
102201
50
110
104001
53
112
104001
56
477
110801
69
500
201801
73
511
401702
101
552
501002
125
9555
501102
202
11110
502201
245
11110
901201
2014
11111111118
901503
35
70
101602
38
76
102001
55
110
102502
66
166
102602
76
228
110801
83
330
202801
95
332
301403
106
556
302001
123
665
302201
139
1155
502601
166
1166
503402
212
3444
602501
213
55544
604901
231
66669
701001
2014
11111111118
701601
5
0
0
8
10
101001
9
16
101601
9
18
101801
13
18
101801
17
26
110801
19
34
201601
27
38
203001
62
54
301401
119
338
301801
145
558
302801
148
833
303501
169
2220
501401
170
3335
502801
2014
11111111118
801302
4
0
0
16
12
101201
22
32
102001
27
54
103001
73
110
110801
75
225
201403
111
400
202501
136
511
301201
151
522
401002
174
544
501102
188
755
501202
190
788
501401
197
1110
501402
200
2444
701502
2014
11111111118
701802
5
10
101001
14
28
104001
15
30
110801
21
42
201801
31
62
202902
101
332
301001
118
477
302201
121
552
401201
159
744
401702
166
944
502201
173
2299
503302
184
11110
601201
241
55533
701402
248
85555
801504
2014
11111111118
901402
3
10
101001
5
12
101201
33
112
102201
33
330
110801
56
330
301403
80
366
301602
91
400
301803
129
455
302001
129
774
302001
164
774
401002
177
885
401502
183
955
702401
191
3444
702401
243
3888
802501
2014
11111111118
901502
6
12
101201
44
220
102402
53
366
102502
104
477
110801
105
552
202001
120
600
301403
123
995
301602
138
1144
303501
145
1155
303803
183
3335
401702
192
3444
502201
199
9944
601002
213
66669
604901
226
333888
902402
2014
11111111118
902501
32
64
101402
67
144
110801
72
228
202302
114
335
202801
119
441
202802
128
446
302501
147
522
303803
154
770
402101
174
833
402601
192
996
501202
203
2233
501803
208
2288
601401
223
5888
702001
249
333888
801302
2014
11111111118
902601
15
0
0
22
30
102001
39
78
102402
44
98
110801
49
110
202001
88
220
202102
97
330
203301
117
388
301001
141
440
301603
143
1144
301802
165
2211
302001
190
2223
402001
201
3666
504201
217
55552
701801
2014
11111111118
901801
22
50
102001
25
86
104001
43
110
110801
70
344
201904
91
455
201904
101
522
301402
131
655
401502
160
700
501001
172
800
501202
174
996
601502
189
8883
701002
229
11110
801002
229
29999
801601
249
29999
803301
2014
11111111118
902601
