-0.320371
0.178285
0.261356
0.476641
0.959307
1.165641
1.197317
1.489840
1.815613
1.948670
2.067709
2.151352
2.235933
2.279246
3.000325
3.106472
3.319419
3.402070
3.531292
3.712480
3.769754
3.769948
3.907173
4.037959
4.287125
4.326816
4.335606
4.617041
4.666047
4.886592
5.227552
5.751844
5.855536
6.034726
6.053214
6.218368
6.258108
6.293820
6.330518
6.463742
6.503209
6.753021
6.862259
7.013025
7.035508
7.103809
7.164017
7.404956
7.498941
7.520583
7.666978
7.680046
7.704872
7.705477
7.820907
7.826487
7.864109
7.900843
7.969633
8.011754
8.372012
8.547982
8.551754
8.653188
8.856292
9.209313
9.237462
9.240520
9.255861
9.267368
9.270728
9.328282
9.336079
9.534912
9.799444
9.836426
9.840020
9.946310
9.950754
10.012056
10.138217
10.228437
10.402796
10.677640
10.807868
11.133850
11.193112
11.262709
11.440778
11.498828
11.580542
11.632473
11.641180
11.679386
11.710733
11.768283
11.812666
12.026345
12.049772
12.057323
12.183424
12.219971
12.236206
12.385631
12.480688
12.816417
12.821783
13.232473
13.267639
13.401453
13.620523
13.747715
13.769636
13.781417
13.857974
13.891001
14.188885
14.214137
14.543108
14.653823
14.669456
14.748340
14.829024
15.158338
15.212442
15.492241
15.561227
15.637214
15.759951
15.844790
15.867031
16.028551
16.214105
16.233383
16.624119
16.852425
17.026650
17.072413
17.647895
18.056837
18.134200
18.524891
18.581329
18.646148
19.661768
21.504858
22.983073
23.511463
26.437368
27.336960
